177
161
62
36
176
79
231
85
214
119
115
242
47
74
147
161
131
52
27
89
61
27
225
203
10
195
217
245
210
59
130
91
22
85
240
83
217
40
194
146
17
255
246
217
125
78
142
165
203
122
90
136
62
39
183
42
210
212
46
19
177
216
43
103
1
166
137
123
227
195
75
157
208
207
212
101
155
208
253
59
167
6
20
113
19
149
184
37
254
133
117
172
27
107
6
14
212
202
135
218
75
238
199
113
203
56
164
213
247
72
138
134
205
103
250
168
233
102
52
56
86
81
239
104
165
69
57
170
182
200
94
150
128
13
198
132
7
68
154
170
22
88
70
195
169
238
151
86
141
17
105
97
44
139
35
173
214
138
201
153
46
92
82
158
219
168
25
188
246
102
169
198
214
134
51
215
74
150
20
192
13
103
243
160
177
123
158
127
240
189
113
94
146
254
63
222
59
163
187
205
101
186
253
201
227
116
46
136
227
228
6
252
18
79
251
134
74
56
180
199
148
36
223
26
95
72
169
185
80
33
25
243
179
0
52
9
163
48
210
53
244
156
201
219
243
1
70
29
169
163
212
66
151
222
195
152
70
10
52
174
102
22
217
23
235
0
4
205
172
92
172
9
86
154
40
228
122
237
16
179
198
179
253
197
23
85
18
234
157
210
195
191
108
182
192
212
92
237
226
50
152
47
64
28
7
213
139
67
213
109
199
88
147
15
156
91
22
147
173
211
167
55
146
177
108
202
137
183
213
6
84
104
52
127
239
146
236
195
154
79
216
126
5
197
209
185
85
183
234
197
152
230
202
137
178
47
179
80
99
9
10
240
166
7
199
84
150
145
89
190
14
152
73
226
72
217
204
234
204
12
30
147
180
49
153
180
170
53
30
69
194
136
253
236
111
113
197
187
34
103
26
158
255
240
40
72
247
45
64
134
107
111
167
211
139
172
87
177
19
64
100
21
157
196
154
91
56
187
120
252
214
210
25
180
65
13
70
134
2
221
184
52
50
129
55
5
214
214
152
183
131
24
106
182
46
94
43
157
178
210
195
185
40
75
123
119
189
147
159
140
26
43
205
221
17
142
53
149
218
212
220
253
43
123
182
236
62
217
205
76
82
160
10
140
128
103
150
61
194
32
194
203
134
74
150
189
150
75
110
88
106
128
29
161
203
213
57
102
26
252
185
107
184
61
99
95
23
233
218
203
88
9
40
154
119
219
117
152
84
212
189
244
128
123
26
236
41
218
129
211
241
31
13
178
164
72
98
168
131
38
185
20
171
228
221
18
211
27
117
209
220
167
86
80
119
132
85
134
155
230
49
54
146
79
19
31
214
138
137
50
198
49
94
174
40
188
16
14
103
239
122
16
200
37
84
238
179
0
62
118
54
223
202
141
141
150
68
13
152
83
199
38
219
207
225
43
181
95
85
151
152
230
185
140
40
25
115
131
150
117
41
194
156
100
80
51
119
59
75
37
123
244
199
181
117
170
172
58
217
141
41
236
44
126
194
110
207
2
119
62
58
192
122
26
60
103
171
149
187
149
189
224
113
240
204
251
96
79
18
54
134
33
81
96
185
10
63
82
138
45
106
108
93
27
102
32
166
136
128
2
223
177
33
85
236
90
31
132
112
77
12
48
133
17
180
247
174
100
99
171
47
159
157
184
191
59
6
47
230
244
193
216
88
69
138
217
160
157
175
16
213
115
196
120
169
226
127
155
119
23
205
87
127
8
73
107
223
30
61
184
242
79
1
73
209
101
180
20
188
129
80
24
133
15
140
107
76
34
119
227
2
248
162
106
222
235
31
165
59
94
182
55
53
26
96
56
160
160
36
53
209
35
101
94
249
83
3
7
89
128
204
250
60
226
194
233
58
252
237
54
168
184
163
19
39
92
71
57
55
197
166
0
2
239
246
30
160
89
145
27
84
220
206
201
227
125
249
25
13
15
64
53
239
125
173
162
250
226
87
206
160
4
29
139
249
174
118
10
32
246
27
63
0
123
89
209
143
17
233
180
149
107
127
60
26
31
36
208
147
197
83
58
23
84
78
48
221
0
207
103
157
128
176
57
16
28
91
249
71
24
193
131
98
19
108
127
226
18
211
103
119
149
44
191
205
214
104
163
107
26
50
173
158
162
58
221
84
23
167
157
94
203
248
129
26
195
72
243
170
69
119
255
224
169
123
14
120
76
132
128
67
17
12
103
191
193
42
180
141
87
118
72
156
180
59
58
130
33
237
167
9
185
209
189
254
174
33
140
243
35
125
198
103
190
102
31
11
111
59
250
213
79
15
137
82
245
149
11
208
63
252
127
186
235
192
143
207
79
171
100
80
62
15
202
229
152
208
213
78
55
42
34
251
5
56
74
106
203
249
28
254
176
154
235
23
251
150
89
165
5
125
34
93
70
162
247
156
211
9
127
138
209
162
240
243
160
142
171
100
243
152
91
223
159
222
44
208
93
117
204
54
169
149
191
45
131
146
69
156
87
165
46
59
47
174
245
158
178
58
231
66
79
98
59
188
115
190
242
152
166
64
169
112
33
201
50
44
99
69
0
128
216
144
109
234
114
214
168
127
212
182
146
59
138
204
2
161
109
85
27
243
96
102
157
125
207
139
237
248
79
21
164
37
45
247
67
211
238
105
97
131
32
77
43
97
74
233
84
10
192
203
20
80
68
97
77
59
66
4
234
96
226
178
162
171
183
94
32
48
66
172
159
86
70
85
11
55
194
243
151
52
113
12
43
6
81
87
13
161
106
23
37
165
230
183
17
137
113
250
25
70
65
221
25
178
45
53
123
223
108
93
0
20
188
53
65
23
165
101
44
5
135
241
38
7
36
0
165
245
244
66
53
114
145
179
251
247
155
46
251
202
71
219
208
149
185
19
238
119
86
13
163
175
170
207
57
126
118
209
95
7
120
167
3
48
45
180
255
223
100
99
59
93
251
71
218
239
73
62
141
180
78
114
78
180
92
127
8
166
80
5
4
59
136
245
123
180
94
75
254
80
96
63
200
106
64
37
214
54
17
161
189
33
113
69
159
188
107
63
159
43
47
57
128
42
177
130
90
84
225
88
147
156
222
129
8
111
69
202
147
173
29
43
166
114
75
21
47
66
95
25
67
198
104
201
237
183
84
52
67
226
194
248
0
76
79
28
222
250
34
151
149
229
193
125
162
182
28
161
143
81
60
200
59
153
122
106
48
57
251
61
53
146
25
162
101
41
29
58
109
18
55
152
82
0
173
22
31
63
53
114
233
150
3
227
57
171
216
85
224
62
30
131
252
39
23
232
19
223
237
57
29
232
40
167
221
34
78
38
243
118
118
247
92
6
84
240
167
160
164
77
44
240
241
30
60
145
78
212
141
85
158
159
101
200
55
105
108
132
116
50
124
221
231
199
200
45
107
194
10
128
37
155
239
199
143
232
136
115
113
51
8
123
45
150
187
100
16
205
126
42
125
24
234
91
168
72
105
187
231
99
97
102
199
159
33
48
1
139
148
79
64
209
216
97
46
218
50
174
113
114
199
227
146
36
172
48
64
222
19
52
169
152
2
60
218
12
30
49
38
91
6
86
42
175
9
245
205
107
235
138
241
35
125
97
48
179
252
231
167
178
200
213
56
217
91
212
228
162
26
17
148
27
214
115
6
206
12
217
240
136
210
240
67
200
87
34
157
40
159
160
65
70
198
56
22
40
218
53
58
249
90
68
197
195
16
148
106
76
28
31
206
137
89
229
250
143
198
236
29
222
250
188
42
57
21
57
134
137
157
238
185
217
173
224
102
245
223
140
204
58
158
78
114
155
1
5
3
169
121
121
47
26
195
164
139
9
93
253
99
52
81
242
204
62
57
77
30
101
241
162
228
117
134
227
107
32
13
141
73
76
217
36
247
50
174
92
32
142
170
84
48
142
206
148
220
0
227
55
92
101
56
35
190
227
142
22
40
199
58
145
119
120
50
36
140
125
205
232
61
112
56
45
255
99
120
20
45
206
109
118
62
187
251
26
3
16
166
75
231
87
180
111
181
126
147
179
123
28
80
41
43
183
42
66
67
92
158
143
202
207
13
230
21
211
253
150
207
9
226
208
45
183
206
80
158
124
12
216
224
35
75
238
84
5
195
77
53
46
45
77
234
105
244
160
12
133
217
210
59
226
137
244
178
248
251
242
182
85
230
156
38
114
79
57
161
8
69
218
148
235
131
128
213
178
207
8
103
25
206
9
76
171
84
98
58
162
143
113
108
91
175
39
249
208
254
120
131
205
185
19
87
55
21
137
20
15
167
15
167
28
141
185
47
136
222
84
152
61
211
248
195
120
62
116
34
42
120
95
69
75
41
195
57
12
83
160
64
25
41
165
62
106
209
156
250
121
192
173
124
243
42
247
150
49
82
185
199
189
122
105
65
161
119
88
89
98
0
166
39
81
28
97
133
218
84
101
14
222
126
129
249
180
27
89
230
102
177
159
215
54
215
119
7
181
116
155
161
73
93
16
220
19
164
188
188
101
178
161
222
251
232
59
164
0
37
155
164
32
163
122
95
34
164
85
10
97
35
239
4
17
63
15
220
81
66
61
54
185
56
143
49
10
166
87
88
65
172
70
68
19
47
143
100
86
200
128
208
157
150
10
102
187
176
121
129
206
44
84
197
245
34
76
165
57
191
210
198
179
119
118
196
117
236
241
186
80
184
74
214
252
4
239
178
210
229
4
96
255
116
19
7
179
176
82
28
7
176
25
30
48
234
178
210
25
85
94
29
73
133
227
47
118
105
233
145
164
233
89
246
158
33
223
149
222
8
123
245
14
73
62
77
216
169
128
67
241
104
189
7
158
140
170
115
26
39
46
198
246
248
189
92
187
198
132
1
32
168
185
169
147
35
85
111
97
42
13
244
109
31
183
38
215
6
157
108
32
28
238
174
204
128
32
249
52
124
247
120
91
143
196
147
23
181
157
27
176
173
242
74
62
117
174
6
119
39
190
130
52
252
170
253
87
220
54
66
216
40
144
147
72
132
177
3
225
52
8
150
0
200
163
246
149
148
179
37
226
56
96
119
171
88
164
253
152
129
63
171
143
230
157
170
240
86
32
184
23
232
215
232
191
57
69
57
35
197
81
169
15
76
148
10
12
234
54
186
255
213
112
166
36
131
110
2
119
167
133
162
35
190
235
215
179
81
100
143
197
251
201
96
119
53
26
27
2
109
231
231
246
163
9
180
5
224
6
250
157
79
10
86
170
4
49
254
226
137
146
54
170
130
43
33
87
99
54
44
189
202
148
49
211
252
77
196
81
183
43
55
143
250
114
66
246
141
40
22
191
236
239
232
74
136
178
58
58
190
39
137
104
83
66
219
225
3
119
150
219
23
245
48
133
176
28
129
225
222
215
105
239
125
82
6
39
99
199
200
121
47
135
144
237
114
204
170
111
72
75
73
147
153
156
161
39
146
65
17
187
54
88
121
36
68
229
135
249
50
236
74
140
7
92
120
244
99
64
52
233
27
188
171
22
150
198
50
165
44
201
15
134
81
158
185
1
24
153
86
98
181
67
82
230
31
86
188
84
20
252
183
170
104
21
47
201
158
82
28
165
55
116
166
108
150
75
146
45
151
215
61
56
54
236
220
242
212
144
174
85
148
34
108
251
77
185
247
201
32
77
158
102
157
60
122
10
240
155
13
251
67
151
67
60
197
9
160
216
40
96
44
46
117
33
26
19
242
200
38
118
94
41
165
83
62
155
24
129
122
169
126
78
5
145
204
194
166
204
210
185
142
53
203
56
134
108
197
87
57
229
179
79
100
246
173
188
190
70
246
162
14
161
21
205
184
224
74
191
233
178
123
96
15
119
18
3
118
203
201
82
49
112
214
103
76
152
166
10
88
15
39
167
14
180
235
190
61
195
137
30
74
11
242
156
214
44
171
118
71
252
107
164
127
195
168
19
37
219
92
49
86
136
53
28
27
206
110
159
25
31
109
6
44
192
235
43
226
0
168
127
234
133
88
148
183
93
166
241
68
180
11
213
84
93
92
74
40
175
129
199
212
109
230
118
57
79
154
107
152
132
209
215
67
18
161
198
143
254
41
190
138
240
187
254
42
32
4
185
113
67
46
109
74
64
162
2
178
105
117
174
189
136
102
193
197
237
55
170
63
248
189
214
66
247
224
33
6
248
138
114
98
138
108
141
90
96
104
162
161
235
13
151
51
216
200
237
135
216
43
198
9
247
238
107
35
81
33
227
38
13
31
247
39
40
92
84
189
197
218
156
37
218
26
49
140
228
255
95
230
40
85
178
165
211
247
228
231
188
70
248
157
168
130
49
250
181
105
225
193
12
35
116
172
64
197
73
109
72
133
51
175
25
201
60
175
33
17
13
252
1
185
14
82
251
42
28
8
216
136
35
251
191
2
55
250
222
252
191
235
88
7
126
193
60
22
111
142
176
100
179
164
137
0
65
63
101
126
244
198
20
49
210
102
127
218
23
213
114
205
20
253
111
50
137
110
255
250
239
2
216
208
160
66
131
63
133
221
142
116
45
234
23
230
225
7
134
96
118
247
19
106
127
170
154
53
11
188
149
1
241
0
218
221
186
233
96
174
159
213
43
49
157
197
146
214
20
142
224
64
9
228
33
167
5
28
187
3
221
181
67
67
218
155
103
78
76
231
100
136
249
91
99
157
24
52
205
8
38
158
4
189
129
204
56
192
243
232
137
248
209
43
214
140
206
195
150
43
230
246
109
105
34
70
21
19
56
14
174
139
90
90
162
132
240
201
161
87
16
153
192
55
210
90
69
100
77
94
123
233
127
176
66
168
52
6
181
22
202
98
247
43
194
51
81
121
203
175
218
55
190
145
8
183
143
141
67
67
149
244
141
179
190
127
34
75
230
234
183
91
229
248
54
132
155
136
168
5
249
204
34
190
74
208
198
232
