251
130
168
51
103
104
23
240
59
173
58
95
182
52
93
228
255
47
90
39
177
134
207
111
217
50
79
129
110
74
165
129
169
29
241
141
240
4
33
211
24
113
121
112
46
175
254
189
120
156
102
79
60
110
41
248
9
40
73
16
199
1
103
197
73
58
160
54
160
221
165
242
35
254
196
166
140
231
211
210
45
156
137
53
136
220
99
63
37
124
175
232
104
86
185
161
214
92
123
198
253
35
70
8
123
134
110
54
191
22
197
168
166
118
125
255
170
18
106
124
128
149
180
109
121
43
192
82
40
196
90
175
75
30
247
235
172
51
116
235
122
59
215
21
217
15
66
179
164
233
124
118
71
56
15
194
242
165
186
246
205
254
151
106
235
179
74
78
0
117
73
66
50
23
173
39
220
90
45
190
51
4
144
233
19
105
134
19
124
66
218
16
104
10
200
69
131
117
164
88
215
112
104
139
36
183
75
189
10
23
202
168
139
95
112
166
96
31
151
128
162
165
37
225
166
7
19
75
224
56
54
0
140
53
129
56
114
105
106
130
51
185
23
179
76
96
164
45
91
132
40
194
122
190
220
150
168
62
29
91
205
184
154
247
124
120
130
22
18
17
216
180
114
1
120
197
50
182
48
206
115
36
132
2
214
72
101
133
62
196
0
197
120
242
161
4
209
135
174
221
210
142
228
219
225
173
121
123
82
40
140
245
91
65
170
205
185
213
181
209
225
130
180
77
251
154
14
109
162
133
218
41
189
105
241
229
60
195
91
185
51
75
153
235
96
138
153
45
237
90
209
85
34
144
81
182
16
106
241
5
22
160
105
21
158
206
12
13
170
199
162
211
38
52
187
120
65
250
249
108
26
208
209
214
110
81
127
247
118
2
165
218
107
113
246
254
79
249
46
87
2
227
155
162
75
163
252
16
53
95
233
160
234
130
106
23
152
140
241
118
239
120
214
5
151
29
223
163
112
15
183
28
161
87
38
191
187
219
136
54
229
219
76
157
41
54
82
21
216
199
106
230
244
128
83
206
163
19
152
71
182
19
191
197
193
163
176
32
66
87
107
29
56
238
240
78
81
11
7
244
218
42
106
125
234
117
234
46
179
187
70
210
20
94
158
107
37
240
186
251
172
83
184
52
152
219
80
193
57
21
43
195
140
61
43
75
139
66
178
165
203
182
209
230
165
130
143
18
9
199
157
116
124
204
7
243
70
77
194
59
104
172
170
92
47
15
168
171
245
36
183
243
151
130
35
111
115
4
20
94
150
145
47
37
195
156
78
144
129
25
30
247
22
54
7
70
89
120
193
168
131
8
198
176
237
48
156
73
245
22
204
111
209
242
86
114
17
37
240
226
247
19
198
189
170
199
215
149
62
150
221
72
98
119
67
212
179
90
83
187
101
173
204
66
56
52
250
176
158
195
89
19
109
147
192
222
186
50
9
131
139
59
72
3
132
33
175
191
171
235
75
23
139
3
115
211
172
180
4
205
177
245
2
79
0
150
32
87
104
214
163
44
5
20
140
29
157
13
74
242
196
124
154
129
34
5
102
20
172
72
9
110
215
193
75
235
185
115
222
125
199
93
119
184
219
78
185
159
124
232
24
178
245
246
44
96
125
157
156
7
194
103
49
24
18
211
216
85
220
142
62
32
16
215
138
62
152
32
239
2
41
196
148
209
243
224
147
210
165
79
214
145
151
141
133
245
43
40
10
93
77
218
30
244
248
112
50
141
44
86
23
75
249
59
12
218
203
96
127
58
174
33
33
38
62
68
142
4
141
96
209
27
206
122
194
168
77
143
35
27
24
158
90
238
124
73
72
121
163
99
199
25
232
217
134
118
254
26
227
239
47
188
53
155
148
78
214
106
83
219
107
24
54
34
104
168
66
88
99
216
80
64
92
103
168
179
0
77
212
118
103
30
206
53
247
143
100
18
90
21
19
87
208
71
158
216
179
49
147
75
65
150
124
33
16
187
77
206
248
218
195
25
167
46
163
250
114
19
157
98
147
51
162
150
252
54
202
52
231
176
24
77
242
51
55
33
83
99
246
133
118
195
23
223
229
108
227
43
65
232
89
247
140
229
217
106
91
237
163
32
246
82
179
213
230
90
52
199
45
99
237
32
174
130
228
20
52
228
140
39
186
32
144
106
213
113
115
122
189
19
96
142
151
147
138
166
135
89
214
1
217
141
38
112
7
74
8
197
25
216
26
230
18
75
206
255
122
140
75
75
216
212
74
255
234
118
198
114
74
58
143
30
71
222
228
166
29
124
82
86
12
230
16
21
155
109
229
71
143
143
44
219
200
146
2
167
254
109
167
149
189
72
228
173
178
198
187
192
26
188
205
215
203
80
123
242
235
178
210
158
22
67
231
107
49
165
101
112
196
136
112
167
12
131
45
69
218
110
157
242
106
9
242
90
252
205
79
245
226
210
133
153
197
4
160
130
142
247
199
154
118
199
253
253
85
33
247
32
21
206
64
73
97
79
192
238
133
62
43
185
247
165
107
213
170
151
152
139
232
218
220
43
54
201
83
37
117
128
114
188
241
85
119
165
144
5
102
137
132
216
92
100
223
131
60
137
38
190
228
85
194
5
205
9
53
45
1
226
13
51
81
183
142
228
210
119
185
220
247
243
214
23
214
243
97
139
144
99
203
17
221
148
249
135
194
103
235
235
173
57
95
64
105
198
206
134
46
166
6
230
188
52
121
156
20
42
145
22
162
41
122
217
115
189
241
118
202
17
80
117
160
228
140
193
180
199
204
12
76
105
247
230
232
197
58
39
199
107
181
64
34
100
61
122
147
121
194
229
244
116
1
154
242
109
137
70
177
126
163
201
46
126
240
32
72
16
83
113
61
91
116
170
8
208
253
44
163
208
252
67
249
148
163
39
85
129
123
173
174
67
18
173
208
112
228
169
246
193
83
228
100
102
254
68
166
253
114
129
35
220
42
177
21
0
204
79
11
247
4
85
0
232
40
50
6
27
13
196
11
178
22
82
60
88
133
254
69
24
93
239
217
53
100
62
36
50
99
134
55
18
64
129
90
225
10
107
205
136
240
113
236
184
232
118
176
27
218
156
208
79
230
126
79
198
243
156
104
67
91
204
206
148
192
75
216
93
9
86
160
90
56
241
225
57
42
149
10
109
115
4
251
55
136
226
182
237
53
42
246
109
87
70
205
42
82
47
23
155
33
226
126
42
203
115
35
59
7
142
54
34
127
185
63
161
248
159
206
226
152
28
23
113
35
156
87
102
229
22
204
116
191
56
47
156
100
128
30
50
54
211
144
107
141
241
231
51
43
229
113
29
106
191
116
26
44
70
87
131
15
86
227
56
250
3
154
198
192
78
209
198
204
216
54
58
216
185
61
86
120
172
61
243
108
162
150
220
154
86
76
45
247
201
88
160
0
229
54
170
109
81
24
26
26
190
50
49
3
39
235
24
195
77
92
102
7
243
105
31
194
112
254
27
28
100
236
124
135
231
246
229
199
26
58
50
166
158
1
88
249
184
126
214
99
191
6
118
85
89
20
111
228
71
143
78
96
185
112
224
160
161
52
207
7
16
198
24
60
213
129
15
87
91
126
38
96
124
226
83
239
118
78
193
113
211
231
32
111
187
118
222
177
114
104
111
22
53
99
103
88
210
45
214
137
67
115
85
72
158
190
123
6
112
77
16
179
239
201
139
147
240
208
157
249
187
115
41
95
251
196
69
238
210
57
43
186
248
243
189
126
118
204
33
8
111
196
216
160
180
214
165
255
244
100
229
161
159
95
174
4
199
49
152
180
122
181
192
160
119
236
4
182
115
124
50
177
237
29
140
219
11
19
113
245
22
61
123
233
53
233
101
83
160
206
149
50
191
182
185
25
51
87
240
129
152
240
144
203
38
221
1
10
225
221
162
147
212
228
159
23
192
5
85
72
232
63
120
85
134
201
197
16
15
73
51
8
73
5
251
74
202
48
119
79
39
65
38
16
193
242
15
87
12
31
11
155
121
99
47
104
132
101
187
81
119
215
163
178
53
60
135
118
186
140
129
169
48
74
192
128
237
182
137
9
78
202
144
46
137
33
0
215
226
37
148
148
215
233
83
131
117
88
105
77
83
142
169
162
179
90
38
231
244
9
246
97
145
3
168
174
220
159
4
214
92
16
180
172
198
24
236
96
52
24
116
31
215
61
163
86
16
99
144
127
114
159
211
252
126
119
138
136
212
179
102
133
7
105
18
148
248
63
252
115
126
250
219
52
216
39
190
175
34
51
12
148
248
227
232
21
98
99
164
145
80
86
193
18
123
102
199
104
4
119
194
186
10
32
107
204
87
106
45
171
50
83
0
83
252
183
28
3
125
3
136
141
38
81
111
47
83
45
248
70
143
133
220
126
227
93
245
96
181
102
142
120
76
22
70
205
64
56
189
76
133
145
7
66
15
138
153
142
161
25
194
70
135
188
168
43
127
59
50
32
200
99
157
112
5
172
137
234
2
45
210
62
148
200
65
119
16
11
46
88
5
253
161
81
229
89
93
141
196
131
48
149
110
66
234
163
185
239
115
7
75
242
196
96
178
69
202
74
93
14
71
252
29
20
119
82
137
70
202
53
140
2
76
32
204
72
221
253
48
92
117
115
173
46
222
56
81
98
105
95
139
155
218
102
248
78
133
66
172
203
87
217
200
74
170
116
86
183
203
28
123
161
237
68
183
4
182
114
181
56
249
55
167
87
5
82
87
0
209
244
122
16
145
209
164
43
168
71
35
54
124
87
230
152
84
107
16
242
9
3
122
47
94
73
145
231
120
94
32
4
20
70
127
16
137
139
168
2
178
57
253
173
11
66
156
42
144
103
143
15
141
128
212
93
90
185
211
247
124
13
160
165
111
197
66
154
151
29
209
123
91
48
210
223
219
246
121
91
93
24
64
75
231
236
23
47
183
98
224
24
126
139
103
239
123
250
67
58
176
30
64
172
53
165
175
241
54
220
184
231
248
168
115
232
145
67
189
196
67
116
75
88
1
58
152
107
112
91
231
96
250
101
108
34
45
170
1
70
31
249
244
62
137
239
219
81
24
74
220
62
109
119
135
93
247
141
184
81
14
187
63
216
9
176
106
114
65
209
85
57
102
69
246
202
127
147
50
255
104
65
183
117
237
17
233
113
87
26
97
50
31
162
252
205
60
67
252
28
215
23
228
100
198
193
197
234
156
64
178
56
67
123
248
248
172
10
251
98
246
95
10
202
251
219
236
136
175
77
14
13
41
102
93
235
156
249
140
209
192
210
70
241
134
67
141
147
159
160
107
49
172
116
91
106
207
120
4
174
223
150
149
114
43
153
96
138
1
14
45
224
85
193
240
212
186
98
61
91
129
249
162
237
193
251
37
138
227
186
215
177
239
105
80
68
213
145
131
136
228
94
81
32
171
15
82
220
6
192
169
147
38
211
203
102
142
58
184
186
168
51
99
248
67
60
248
186
193
11
111
176
70
27
224
220
233
96
106
85
47
201
178
208
182
112
92
152
144
53
237
100
224
59
172
76
72
132
183
84
133
134
164
36
150
170
145
96
187
198
167
208
150
84
156
109
49
100
166
73
149
15
93
121
58
28
234
217
59
176
159
9
72
215
71
24
140
221
100
40
199
24
7
241
202
206
74
45
53
125
43
176
1
200
161
117
53
160
93
246
170
196
53
81
10
142
75
64
221
100
230
117
242
191
188
22
53
27
20
63
174
45
181
238
251
174
62
163
70
83
167
181
70
140
142
1
120
213
109
95
223
52
158
245
35
0
68
158
61
219
122
89
101
144
83
54
146
214
69
195
3
8
106
210
45
102
153
202
126
253
40
19
243
247
83
31
103
107
117
116
196
175
109
122
123
219
32
138
201
121
147
208
56
166
130
176
135
31
225
108
11
155
99
211
59
38
221
106
57
192
98
142
232
147
12
246
191
73
90
132
164
139
84
149
75
135
13
87
97
71
140
23
22
42
236
84
3
255
178
211
49
24
199
143
93
79
27
206
203
53
3
29
106
169
41
12
158
80
63
176
240
117
129
121
68
152
218
158
28
56
16
98
121
191
80
245
18
93
63
134
89
13
28
35
234
30
47
163
57
120
117
14
221
103
150
121
60
190
90
79
158
171
243
21
140
53
247
176
253
93
169
116
63
248
199
207
57
14
219
28
251
195
202
40
211
148
190
3
151
18
198
194
255
75
69
2
253
93
57
5
187
124
153
33
185
144
81
170
255
65
233
51
29
38
144
128
211
242
83
105
62
66
77
70
112
8
203
135
155
102
89
196
60
240
142
159
246
245
164
153
217
117
226
116
22
216
71
228
201
105
111
219
142
208
214
154
19
254
100
18
56
34
153
47
161
178
135
84
143
28
115
211
76
238
252
72
69
133
142
162
70
230
5
51
22
13
252
188
36
249
72
228
49
60
248
148
9
95
218
171
222
94
119
247
162
39
64
95
91
4
250
17
118
240
198
254
24
158
106
228
110
66
95
222
40
139
235
216
10
143
2
134
112
172
180
66
59
177
173
159
250
100
243
119
195
163
2
25
253
116
133
155
222
175
14
4
89
130
93
162
119
79
123
4
145
116
153
44
63
75
43
40
156
124
26
109
233
45
46
135
135
165
237
72
130
0
201
115
253
223
3
47
36
85
65
36
211
124
126
191
16
170
11
130
37
159
111
107
239
118
65
213
45
114
31
120
118
7
215
29
162
119
209
219
106
93
190
199
176
3
34
16
119
249
243
62
41
150
186
44
16
105
107
204
69
74
196
29
214
75
2
165
84
199
9
50
88
29
223
167
188
78
252
190
255
59
140
8
194
217
146
102
83
215
236
44
100
199
15
164
89
113
115
196
167
6
87
34
2
91
184
104
67
182
99
178
150
8
138
198
33
31
45
107
178
59
161
206
204
2
217
